RUNNING K MEANS
INITIAL WEIGHTS: 
[[ 0.09971635  0.05584472  0.04865968 -0.09435022  0.03961374  0.035543
  -0.00649    -0.05930296 -0.07814552 -0.07220724]
 [ 0.01807824  0.0842749   0.0211603  -0.01430908  0.03486929  0.05049216
  -0.05509447 -0.05683926  0.05427618 -0.05656126]
 [-0.01719543  0.00442584 -0.07035079  0.03754776 -0.05678053 -0.02912316
  -0.09181677 -0.01814207  0.00052319  0.08201926]
 [ 0.01294433  0.06949273  0.06512575  0.03586563 -0.01715434  0.06817553
   0.00223552 -0.03707877 -0.0327456  -0.01718429]
 [-0.07418933 -0.06334149 -0.0924744   0.07976176 -0.01116275  0.00723848
   0.07947738 -0.07049747 -0.06297358 -0.05157122]
 [-0.09343874 -0.00282211 -0.05207033  0.07015147  0.08591955  0.09255014
   0.01315997 -0.05253739  0.07318188 -0.01223337]
 [ 0.0539058   0.00849291 -0.03828193 -0.03492829 -0.01431027 -0.04968055
  -0.08639065  0.01938847 -0.09716768  0.06270936]
 [-0.0355605  -0.0522     -0.09763486 -0.03193108 -0.04931465  0.06391649
   0.03853998 -0.00390723 -0.0454976   0.07431152]
 [ 0.00081783  0.06190943 -0.03094424 -0.04802027  0.0949025   0.05003904
   0.03841438  0.0820095  -0.05708178 -0.03029887]
 [-0.09322495  0.08374247 -0.01392678  0.05683817 -0.05554266 -0.08888583
   0.0850006  -0.01134605 -0.01938096  0.03318428]
 [ 0.09902952 -0.08195613 -0.05888276 -0.0745953   0.0256728   0.08826429
  -0.04057416 -0.05467325  0.06076578 -0.07086244]
 [ 0.07037583 -0.07349392 -0.02496761 -0.04762167  0.0156474  -0.02249486
  -0.00392248 -0.06540389  0.09555062 -0.0674596 ]
 [ 0.02885046  0.01734119 -0.00787644  0.05189002 -0.09426052  0.05302333
   0.06411728 -0.07616031 -0.09306432 -0.08207878]
 [ 0.09165187  0.00946469  0.00059064 -0.09519276  0.01228578 -0.02184716
   0.00917283  0.03331302  0.05231302  0.03430311]
 [ 0.08478873 -0.01549478  0.0322385  -0.07084581  0.00365059  0.09968855
  -0.07902893 -0.06372678  0.06958743 -0.07107322]
 [ 0.059667    0.00894668 -0.00324645  0.03600479 -0.05656524  0.07904386
   0.01784162  0.02788138 -0.00547371 -0.09074368]
 [-0.06860199  0.08149458 -0.02529528 -0.08287781  0.04770605  0.03556278
   0.02782877  0.04708241  0.04934828  0.00914757]
 [ 0.09805555 -0.03862066 -0.06069882  0.04456353 -0.03670877 -0.04280346
  -0.02416466 -0.00423072  0.06021264  0.09684011]
 [-0.0592494   0.03516302  0.04100341  0.04558267  0.08142212  0.00013666
  -0.01109119 -0.09259454 -0.07045894 -0.04993591]
 [ 0.09862882  0.02731966  0.07118286  0.03164787 -0.0932318  -0.03773508
   0.06353531 -0.01500437  0.03069956 -0.0603671 ]
 [ 0.02750979  0.04301173  0.04786292  0.01803433 -0.00655468 -0.08600712
   0.05505869 -0.0398938  -0.05133239 -0.09360536]
 [ 0.04291812  0.04211699 -0.03507261 -0.0288015   0.06095192 -0.0809936
   0.00523518  0.00330467  0.08767712 -0.07407192]
 [ 0.04410095 -0.03509248  0.05949115  0.00371338  0.00948967  0.0561007
  -0.02062627 -0.07328286 -0.02183154  0.09286634]
 [-0.06757292  0.07112594 -0.0656666  -0.0351034   0.09131557  0.04057001
  -0.03224325  0.07891456  0.05398328  0.09113552]
 [ 0.0705507  -0.03428265 -0.08160683 -0.0554817  -0.03379613  0.06414541
   0.02909462  0.02434975  0.05251772 -0.01088354]
 [-0.0574866   0.04566655 -0.07239862  0.04070997 -0.09918204  0.07302372
   0.01976286  0.03082451 -0.05790406 -0.00130163]
 [-0.01921449 -0.04688668 -0.08923384  0.08016356 -0.04346056  0.01589749
  -0.09238274 -0.07174796  0.02429883 -0.06460875]
 [-0.01267792  0.00065019 -0.04804261 -0.06912803 -0.05830906  0.06493951
   0.03289812  0.05723858 -0.04464373 -0.04952595]]
